## 29 - RED GPON IPACT
# Parámetros simulación
	- Nº ONUs = 64
	- Tasa de transmisión de la red = 50 Gbps
	- Paquetes de 64.0 B, 594.0 B, 1500.0 B
	- Longitud red = 20.0 km
	- Tamaño buffer = 100.0 MB
	- Método de inserción de paquetes por prioridad de colas
	- Método de extracción de colas de prioridad
	- Nº de streams = 32
	- Una sola clase de servicio
	- Una cola en cada ONU
	- T_SIM 	= 30,000,000,000 ns
	- T_CICLO 	= 2,000,000 ns
	- T_GUARDA 	= 5,000 ns
	- T_REPORT 	= 10 ns
	- T_AVAILABLE 	= 1,679,345 ns
	- T_propagacion 	= 100,069.229 ns
	- T_tx_gate 	= 10 ns
	- carga = 0.8
+-------------------------------------------------------+-----------------------+
|  TABLA 1                                                                      |
+--------+----------------------+-----------------------+-----------------------+
+--------+----------------------+-----------------------+-----------------------+
| ONT Nº | Carga (Mbps)         | Retardo medio (s)     | B_alloc medio (Bytes) |
+--------+----------------------+-----------------------+-----------------------+
| ONT 00 | 768.667 		| 9.7875E-01 		| 163,956		|
| ONT 01 | 762.318 		| 9.9482E-01 		| 163,956		|
| ONT 02 | 734.652 		| 1.0442E+00 		| 163,956		|
| ONT 03 | 740.309 		| 1.0536E+00 		| 163,956		|
| ONT 04 | 749.137 		| 1.0393E+00 		| 163,956		|
| ONT 05 | 769.412 		| 9.7403E-01 		| 163,956		|
| ONT 06 | 767.469 		| 9.7208E-01 		| 163,956		|
| ONT 07 | 729.070 		| 1.0356E+00 		| 163,956		|
| ONT 08 | 743.672 		| 1.0136E+00 		| 163,956		|
| ONT 09 | 746.197 		| 1.0049E+00 		| 163,957		|
| ONT 10 | 755.475 		| 9.6017E-01 		| 163,957		|
| ONT 11 | 760.393 		| 9.8812E-01 		| 163,957		|
| ONT 12 | 741.337 		| 9.4018E-01 		| 163,957		|
| ONT 13 | 767.633 		| 1.0764E+00 		| 163,957		|
| ONT 14 | 767.922 		| 9.9766E-01 		| 163,957		|
| ONT 15 | 772.080 		| 1.0492E+00 		| 163,958		|
| ONT 16 | 757.668 		| 9.6633E-01 		| 163,958		|
| ONT 17 | 761.268 		| 1.0588E+00 		| 163,958		|
| ONT 18 | 742.254 		| 9.3648E-01 		| 163,958		|
| ONT 19 | 733.391 		| 9.9789E-01 		| 163,958		|
| ONT 20 | 751.889 		| 1.0715E+00 		| 163,958		|
| ONT 21 | 757.460 		| 1.0685E+00 		| 163,958		|
| ONT 22 | 742.654 		| 1.0489E+00 		| 163,960		|
| ONT 23 | 771.028 		| 1.0313E+00 		| 163,960		|
| ONT 24 | 762.338 		| 9.5346E-01 		| 163,960		|
| ONT 25 | 755.885 		| 1.0375E+00 		| 163,960		|
| ONT 26 | 776.669 		| 1.0384E+00 		| 163,960		|
| ONT 27 | 773.922 		| 9.0505E-01 		| 163,960		|
| ONT 28 | 689.936 		| 8.5087E-01 		| 163,960		|
| ONT 29 | 737.774 		| 1.0673E+00 		| 163,960		|
| ONT 30 | 711.008 		| 1.0264E+00 		| 163,960		|
| ONT 31 | 699.646 		| 9.8103E-01 		| 163,960		|
| ONT 32 | 743.671 		| 1.0120E+00 		| 163,961		|
| ONT 33 | 751.174 		| 9.6926E-01 		| 163,961		|
| ONT 34 | 772.584 		| 1.0178E+00 		| 163,961		|
| ONT 35 | 704.821 		| 8.3599E-01 		| 163,961		|
| ONT 36 | 737.225 		| 9.3889E-01 		| 163,961		|
| ONT 37 | 760.329 		| 1.0697E+00 		| 163,961		|
| ONT 38 | 784.735 		| 1.0558E+00 		| 163,961		|
| ONT 39 | 763.879 		| 1.0394E+00 		| 163,961		|
| ONT 40 | 762.043 		| 1.0122E+00 		| 163,961		|
| ONT 41 | 741.254 		| 1.0272E+00 		| 163,961		|
| ONT 42 | 755.825 		| 9.8749E-01 		| 163,963		|
| ONT 43 | 708.519 		| 9.4519E-01 		| 163,963		|
| ONT 44 | 755.900 		| 1.0557E+00 		| 163,963		|
| ONT 45 | 766.919 		| 1.0210E+00 		| 163,963		|
| ONT 46 | 731.218 		| 9.8368E-01 		| 163,963		|
| ONT 47 | 771.203 		| 1.0271E+00 		| 163,963		|
| ONT 48 | 726.077 		| 1.0666E+00 		| 163,964		|
| ONT 49 | 739.668 		| 9.9658E-01 		| 163,964		|
| ONT 50 | 750.882 		| 1.0597E+00 		| 163,964		|
| ONT 51 | 765.598 		| 9.9030E-01 		| 163,964		|
| ONT 52 | 782.928 		| 1.0009E+00 		| 163,964		|
| ONT 53 | 718.834 		| 1.0203E+00 		| 163,964		|
| ONT 54 | 752.497 		| 1.0220E+00 		| 163,964		|
| ONT 55 | 739.114 		| 1.0412E+00 		| 163,964		|
| ONT 56 | 758.249 		| 1.0093E+00 		| 163,964		|
| ONT 57 | 760.422 		| 1.0031E+00 		| 163,964		|
| ONT 58 | 744.424 		| 1.0477E+00 		| 163,964		|
| ONT 59 | 765.561 		| 9.9352E-01 		| 163,964		|
| ONT 60 | 736.936 		| 9.3952E-01 		| 163,966		|
| ONT 61 | 771.430 		| 1.0229E+00 		| 163,966		|
| ONT 62 | 762.140 		| 1.0784E+00 		| 163,967		|
| ONT 63 | 764.511 		| 1.0871E+00 		| 163,967		|
+-------------------------------------------------------+-----------------------+
| Media  | 750.798 		| 1.0084E+00			|
+-------------------------------------------------------+-----------------------+
+--------+---------------------------------------------------------------------------------------------------------------+
|  TABLA 2                                                                                                               |
+--------+----------------------+-----------------------+-----------------------+----------------------------------------+
| ONT Nº | Bytes generados      | Bytes descartados     | Paquetes generados    | Paquetes descartados  | Bytes en cola  |
+--------+----------------------+-----------------------+-----------------------+----------------------------------------+
| ONT 00 | 2,882,499,874		| 330,148,276		| 5,496,607		| 579,944		| 99,999,984		 |
| ONT 01 | 2,858,691,964		| 306,244,104		| 5,433,397		| 540,355		| 99,997,320		 |
| ONT 02 | 2,754,946,100		| 202,520,940		| 5,064,938		| 342,967		| 99,978,790		 |
| ONT 03 | 2,776,160,570		| 223,714,392		| 5,166,637		| 380,946		| 99,999,902		 |
| ONT 04 | 2,809,265,174		| 256,844,424		| 5,374,598		| 457,595		| 99,965,386		 |
| ONT 05 | 2,885,295,316		| 332,878,402		| 5,290,990		| 558,278		| 99,946,060		 |
| ONT 06 | 2,878,008,002		| 325,690,878		| 5,389,666		| 558,237		| 99,908,732		 |
| ONT 07 | 2,734,011,936		| 182,677,610		| 5,308,820		| 319,325		| 98,978,430		 |
| ONT 08 | 2,788,768,512		| 236,453,022		| 5,261,571		| 416,109		| 99,892,138		 |
| ONT 09 | 2,798,238,364		| 245,922,226		| 5,198,246		| 418,014		| 99,980,636		 |
| ONT 10 | 2,833,031,132		| 280,567,858		| 5,383,007		| 479,780		| 99,982,212		 |
| ONT 11 | 2,851,473,894		| 299,234,250		| 5,184,834		| 496,259		| 99,752,868		 |
| ONT 12 | 2,780,012,082		| 227,584,644		| 5,176,765		| 388,872		| 99,948,566		 |
| ONT 13 | 2,878,625,124		| 326,309,262		| 5,767,058		| 602,866		| 99,975,822		 |
| ONT 14 | 2,879,708,404		| 327,255,508		| 5,297,901		| 557,565		| 99,967,180		 |
| ONT 15 | 2,895,300,718		| 343,003,936		| 5,564,603		| 603,774		| 99,965,120		 |
| ONT 16 | 2,841,256,376		| 288,768,158		| 5,253,298		| 491,065		| 99,965,980		 |
| ONT 17 | 2,854,755,748		| 302,232,780		| 4,768,505		| 441,869		| 99,949,316		 |
| ONT 18 | 2,783,454,060		| 230,885,414		| 4,639,785		| 322,079		| 99,963,088		 |
| ONT 19 | 2,750,217,512		| 197,770,462		| 4,791,894		| 308,489		| 99,941,414		 |
| ONT 20 | 2,819,585,460		| 267,199,284		| 5,257,925		| 456,199		| 99,959,506		 |
| ONT 21 | 2,840,473,838		| 289,548,232		| 5,223,306		| 494,066		| 98,445,128		 |
| ONT 22 | 2,784,952,444		| 233,341,392		| 5,342,130		| 407,005		| 99,148,592		 |
| ONT 23 | 2,891,355,728		| 338,773,194		| 4,875,015		| 539,563		| 99,951,898		 |
| ONT 24 | 2,858,768,868		| 306,375,800		| 5,337,602		| 522,637		| 99,947,408		 |
| ONT 25 | 2,834,568,496		| 282,071,126		| 5,226,761		| 496,596		| 99,918,948		 |
| ONT 26 | 2,912,507,590		| 360,024,718		| 5,406,089		| 624,591		| 99,930,478		 |
| ONT 27 | 2,902,206,192		| 349,788,830		| 5,203,118		| 564,648		| 99,929,346		 |
| ONT 28 | 2,587,261,538		| 34,723,548		| 4,874,175		| 53,948		| 99,856,106		 |
| ONT 29 | 2,766,652,396		| 214,237,774		| 5,272,678		| 370,010		| 99,921,242		 |
| ONT 30 | 2,666,279,780		| 114,418,970		| 4,923,822		| 192,452		| 99,360,990		 |
| ONT 31 | 2,623,671,712		| 71,181,016		| 5,125,420		| 125,401		| 99,902,656		 |
| ONT 32 | 2,788,765,918		| 236,237,464		| 5,101,479		| 403,967		| 99,905,864		 |
| ONT 33 | 2,816,901,676		| 264,387,614		| 5,172,674		| 442,648		| 99,910,876		 |
| ONT 34 | 2,897,191,186		| 344,672,480		| 5,215,158		| 573,742		| 99,905,014		 |
| ONT 35 | 2,643,077,634		| 90,550,348		| 4,616,961		| 156,847		| 99,897,912		 |
| ONT 36 | 2,764,593,144		| 212,049,992		| 4,941,616		| 345,098		| 99,900,202		 |
| ONT 37 | 2,851,233,810		| 298,792,452		| 5,480,718		| 537,245		| 99,897,954		 |
| ONT 38 | 2,942,755,206		| 390,205,972		| 5,020,790		| 600,887		| 99,884,036		 |
| ONT 39 | 2,864,546,228		| 312,131,638		| 5,337,803		| 527,985		| 99,894,410		 |
| ONT 40 | 2,857,660,586		| 305,474,578		| 5,511,256		| 549,814		| 99,887,630		 |
| ONT 41 | 2,779,700,818		| 227,386,994		| 5,138,460		| 386,566		| 99,877,616		 |
| ONT 42 | 2,834,342,022		| 282,047,084		| 5,441,901		| 498,788		| 99,880,396		 |
| ONT 43 | 2,656,947,886		| 104,454,576		| 4,895,778		| 170,135		| 99,848,514		 |
| ONT 44 | 2,834,624,992		| 282,299,372		| 5,371,876		| 496,153		| 99,802,056		 |
| ONT 45 | 2,875,945,456		| 323,436,330		| 5,109,472		| 531,803		| 99,864,930		 |
| ONT 46 | 2,742,066,892		| 189,682,146		| 5,316,367		| 331,085		| 99,863,684		 |
| ONT 47 | 2,892,011,086		| 339,494,108		| 5,421,329		| 587,189		| 99,867,158		 |
| ONT 48 | 2,722,787,282		| 170,765,008		| 5,493,218		| 313,392		| 99,629,016		 |
| ONT 49 | 2,773,756,860		| 221,487,562		| 5,373,943		| 397,181		| 99,857,394		 |
| ONT 50 | 2,815,807,234		| 263,866,864		| 5,547,400		| 479,759		| 99,541,890		 |
| ONT 51 | 2,870,991,636		| 318,622,828		| 5,540,756		| 556,529		| 99,846,984		 |
| ONT 52 | 2,935,981,452		| 383,588,470		| 5,276,494		| 638,937		| 99,846,078		 |
| ONT 53 | 2,695,629,346		| 143,504,636		| 5,184,414		| 254,640		| 99,462,208		 |
| ONT 54 | 2,821,862,360		| 269,427,070		| 5,217,521		| 452,040		| 99,842,172		 |
| ONT 55 | 2,771,676,312		| 223,186,608		| 5,469,546		| 401,986		| 96,101,854		 |
| ONT 56 | 2,843,432,988		| 291,089,338		| 5,346,530		| 500,548		| 99,999,958		 |
| ONT 57 | 2,851,580,998		| 299,133,678		| 5,385,518		| 527,780		| 99,999,930		 |
| ONT 58 | 2,791,591,130		| 238,986,276		| 4,759,900		| 397,750		| 99,999,970		 |
| ONT 59 | 2,870,853,918		| 318,645,292		| 5,475,205		| 556,115		| 99,999,968		 |
| ONT 60 | 2,763,510,172		| 210,740,958		| 4,875,528		| 351,391		| 99,999,984		 |
| ONT 61 | 2,892,862,316		| 340,497,182		| 5,501,924		| 599,281		| 99,999,968		 |
| ONT 62 | 2,858,026,844		| 305,579,298		| 5,255,808		| 513,343		| 99,999,992		 |
| ONT 63 | 2,866,916,590		| 314,448,848		| 5,284,851		| 530,683		| 99,999,984		 |
+--------+----------------------+-----------------------+-----------------------+----------------------------------------+
| Total  | 180,191,636,882		| 16,845,263,494		| 334,963,355		| 28,722,811		| 6,386,546,844	|
+--------+----------------------+-----------------------+-----------------------+----------------------------------------+
| Media  | 2,815,494,326		| 263,207,242		| 5,233,802		| 448,794		| 99,789,794		|
+--------+----------------------+-----------------------+-----------------------+----------------------------------------+
Tiempo total ejecución : 49h 34m 43.00s
T_sim = 30,000,000,000 ns
T comienzo simulación = 2025-02-01 10:32:12
T fin  simulación = 2025-02-03 12:06:56
Paquetes que han llegado a la OLT : 293,846,533
Bytes que han llegado a la OLT : 156,559,937,628
Bytes descartados por las ONTs en total: 16,845,263,494
B_alloc_Mbps[0]= 656.255 Mbps
B_alloc_Mbps[1]= 656.255 Mbps
B_alloc_Mbps[2]= 656.256 Mbps
B_alloc_Mbps[3]= 656.256 Mbps
B_alloc_Mbps[4]= 656.256 Mbps
B_alloc_Mbps[5]= 656.257 Mbps
B_alloc_Mbps[6]= 656.257 Mbps
B_alloc_Mbps[7]= 656.257 Mbps
B_alloc_Mbps[8]= 656.257 Mbps
B_alloc_Mbps[9]= 656.258 Mbps
B_alloc_Mbps[10]= 656.258 Mbps
B_alloc_Mbps[11]= 656.258 Mbps
B_alloc_Mbps[12]= 656.258 Mbps
B_alloc_Mbps[13]= 656.258 Mbps
B_alloc_Mbps[14]= 656.258 Mbps
B_alloc_Mbps[15]= 656.261 Mbps
B_alloc_Mbps[16]= 656.261 Mbps
B_alloc_Mbps[17]= 656.262 Mbps
B_alloc_Mbps[18]= 656.262 Mbps
B_alloc_Mbps[19]= 656.262 Mbps
B_alloc_Mbps[20]= 656.263 Mbps
B_alloc_Mbps[21]= 656.263 Mbps
B_alloc_Mbps[22]= 656.269 Mbps
B_alloc_Mbps[23]= 656.269 Mbps
B_alloc_Mbps[24]= 656.270 Mbps
B_alloc_Mbps[25]= 656.270 Mbps
B_alloc_Mbps[26]= 656.270 Mbps
B_alloc_Mbps[27]= 656.270 Mbps
B_alloc_Mbps[28]= 656.270 Mbps
B_alloc_Mbps[29]= 656.270 Mbps
B_alloc_Mbps[30]= 656.270 Mbps
B_alloc_Mbps[31]= 656.272 Mbps
B_alloc_Mbps[32]= 656.274 Mbps
B_alloc_Mbps[33]= 656.274 Mbps
B_alloc_Mbps[34]= 656.274 Mbps
B_alloc_Mbps[35]= 656.274 Mbps
B_alloc_Mbps[36]= 656.275 Mbps
B_alloc_Mbps[37]= 656.275 Mbps
B_alloc_Mbps[38]= 656.275 Mbps
B_alloc_Mbps[39]= 656.275 Mbps
B_alloc_Mbps[40]= 656.275 Mbps
B_alloc_Mbps[41]= 656.275 Mbps
B_alloc_Mbps[42]= 656.283 Mbps
B_alloc_Mbps[43]= 656.283 Mbps
B_alloc_Mbps[44]= 656.283 Mbps
B_alloc_Mbps[45]= 656.284 Mbps
B_alloc_Mbps[46]= 656.284 Mbps
B_alloc_Mbps[47]= 656.284 Mbps
B_alloc_Mbps[48]= 656.286 Mbps
B_alloc_Mbps[49]= 656.286 Mbps
B_alloc_Mbps[50]= 656.286 Mbps
B_alloc_Mbps[51]= 656.286 Mbps
B_alloc_Mbps[52]= 656.243 Mbps
B_alloc_Mbps[53]= 656.244 Mbps
B_alloc_Mbps[54]= 656.244 Mbps
B_alloc_Mbps[55]= 656.244 Mbps
B_alloc_Mbps[56]= 656.244 Mbps
B_alloc_Mbps[57]= 656.244 Mbps
B_alloc_Mbps[58]= 656.245 Mbps
B_alloc_Mbps[59]= 656.244 Mbps
B_alloc_Mbps[60]= 656.252 Mbps
B_alloc_Mbps[61]= 656.253 Mbps
B_alloc_Mbps[62]= 656.254 Mbps
B_alloc_Mbps[63]= 656.255 Mbps
B_alloc_Mbps_Total= 42,000.946 Mbps
B_alloc_Mbps_Media= 656.265 Mbps
t_ejecucion / t_sim = 5949.46
